4525023746
4510593030
4547113480
4533785615
4485272080
4533941275
4464287771
4481896989
4440150048
4512767530
4511868971
4534278701
4522097711
4491933237
4523485754
4521208895
4513404491
4484964428
4513500749
4498571852
4509450831
4492498511
4510674002
4523103315
4510988890
4523431524
4510760550
4511164010
4509269100
4492209261
4534040684
4510690412
4526942319
4522947186
4549177971
4484899444
4538797685
4511763580
4481356924
4440167551
4549073024
4510660226
4549332098
4498575490
4537597572
4500621958
4510524559
4521918608
4526305937
4524736148
4512326293
4526157461
4521434777
4485006490
4522932382
4506942628
4533897893
4522203819
4440046253
4501487791
4500701362
4520819896
4509050553
4492500665
4526231739
4491668158
4482054334
4510686911
4450699457
4484261059
4437978307
4528642758
4516452550
4500505798
4498569414
4513272015
4481312466
4548711636
4526297813
4483987671
4483558620
4510559966
4508945633
4464441058
4510646499
4549116647
4500379879
4464454890
4512297200
4482314481
4506163954
4509072624
4492312822
4499128566
4481658105
4525235451
4438699259
4439982844
4508890366
4483359999
4500656385
4521335043
4513355016
4485123851
4450416402
4505963798
4485100824
4483746072
4526261016
4492403999
4546783520
4528707361
4547057954
4526284073
4438092586
4516439854
4524806960
4438061361
4522043698
4512167730
4509005620
4448529211
4523342653
4437973822
4498713412
4450694980
4521183048
4522827597
4483416910
4505875280
4464346961
4523051347
4523379540
4524298582
4547573593
4509448537
4533791584
4464507233
4491681127
4524831080
4511837553
4436641657
4521484666
4509041019
4492183421
4506198398
4526046079
4484159360
4510715782
4464304013
4506145168
4529507733
4525507481
4507753881
4484026780
4524617629
4549242269
4526186911
4512272288
4500309920
4547022754
4482379683
4440175520
4511710630
4537865643
4535731121
4533934515
4525280185
4513467321
4511697342
4506056639
4545038270
4505878466
4547138502
4451211206
4482005451
4505881038
4449397201
4537762771
4535764435
4549296086
4529481176
4482285017
4483269594
4481147865
4532096483
4537706471
4513061352
4483902441
4500322791
4537864170
4513965037
4464560628
4513564661
4509366262
4511911416
4501645305
4524692987
4492036606
